Исходная матрица:
m: 3
n: 4
 78.21 45.67 81.23 12.34
 23.45 98.76 54.32 67.89
 11.11 33.33 44.44 55.55

Полученная матрица:
 98.76 23.45 54.32 67.89
 78.21 45.67 81.23 12.34
 11.11 33.33 44.44 55.55